id,conversation_id,created_at,date,time,timezone,user_id,username,name,place,tweet,language,mentions,urls,photos,replies_count,retweets_count,likes_count,hashtags,cashtags,link,retweet,quote_url,video,thumbnail,near,geo,source,user_rt_id,user_rt,retweet_id,reply_to,retweet_date,translate,trans_src,trans_dest
1385599150507667456,1385599150507667456,2021-04-23 19:49:15 IST,2021-04-23,19:49:15,+0530,254303786,dapperday,DAPPER DAY,,"Join us this weekend from home or in person! We’re stepping out in style: • Sat April 24, 🏰 The Magic Kingdom • Sun April 25, 🌐 EPCOT  Join us remotely with #DapperDayAtHome Details at  https://t.co/9V8XFq4dQz  Fall 2018 photo  https://t.co/WXvVEh98Fy /  https://t.co/8IaTIEXPu7  https://t.co/5H6AESGczo",en,[],"['http://DapperDay.com', 'http://Instagram.com/samantha_vanwie', 'http://Instagram.com/paigemercerphotography']",['https://pbs.twimg.com/media/EzqjFVDWQAU1WVV.jpg'],0,2,4,['dapperdayathome'],[],https://twitter.com/DapperDay/status/1385599150507667456,False,,1,https://pbs.twimg.com/media/EzqjFVDWQAU1WVV.jpg,,,,,,,[],,,,
1384558219671085059,1384548179576647686,2021-04-20 22:52:58 IST,2021-04-20,22:52:58,+0530,254303786,dapperday,DAPPER DAY,,@amymebberson @ElsaSketch @PepperNPals We’ll have the fabric available to order from Spoonflower in early May 😙 -J,en,[],[],[],1,0,5,[],[],https://twitter.com/DapperDay/status/1384558219671085059,False,,0,,,,,,,,"[{'screen_name': 'amymebberson', 'name': 'Amy Mebberson 🇦🇺🍻🇺🇸', 'id': '120351878'}, {'screen_name': 'ElsaSketch', 'name': 'Elsa Chang', 'id': '27301086'}, {'screen_name': 'PepperNPals', 'name': 'Pepper and Pals', 'id': '2473147956'}]",,,,
1384543975592300548,1384543975592300548,2021-04-20 21:56:22 IST,2021-04-20,21:56:22,+0530,254303786,dapperday,DAPPER DAY,,"Debuting today at  https://t.co/9V8XFq4dQz! In celebration of our 10th anniversary, our “Birds of a Feather, Flock Together” collection is inspired by how our events attract style-lovers “flying in” from all over. Featuring artwork by @asiadraws, with clothing by @tatyanaboutique  https://t.co/sLqllBFHjH",en,"[{'screen_name': 'asiadraws', 'name': 'asia ellington 👓', 'id': '221131451'}, {'screen_name': 'tatyanaboutique', 'name': 'tatyana boutique', 'id': '73230099'}]",['http://DapperDay.com'],['https://pbs.twimg.com/media/EzbjaF8WQAEcIPV.jpg'],2,5,18,[],[],https://twitter.com/DapperDay/status/1384543975592300548,False,,1,https://pbs.twimg.com/media/EzbjaF8WQAEcIPV.jpg,,,,,,,[],,,,
1384267666878173187,1384267666878173187,2021-04-20 03:38:24 IST,2021-04-20,03:38:24,+0530,254303786,dapperday,DAPPER DAY,,Day one of our pop-up shop at Epcot! Find us outside Germany. New items just debuted at  https://t.co/9V8XFqlOI7 too!  https://t.co/4jvnNSes6Y,en,[],['http://DapperDay.com'],['https://pbs.twimg.com/media/EzXoGeCVUAE_kcM.jpg'],0,0,12,[],[],https://twitter.com/DapperDay/status/1384267666878173187,False,,1,https://pbs.twimg.com/media/EzXoGeCVUAE_kcM.jpg,,,,,,,[],,,,
1383087933540888583,1383087933540888583,2021-04-16 21:30:34 IST,2021-04-16,21:30:34,+0530,254303786,dapperday,DAPPER DAY,,"New Garden Party print masks available now, only at  https://t.co/9V8XFqlOI7 (Meow approved 😻)  https://t.co/PLYWrTsvp1",en,[],['http://DapperDay.com'],"['https://pbs.twimg.com/media/EzG3JRFUYAARcx0.jpg', 'https://pbs.twimg.com/media/EzG3JRFVIAQ2-1k.jpg']",0,1,3,[],[],https://twitter.com/DapperDay/status/1383087933540888583,False,,1,https://pbs.twimg.com/media/EzG3JRFUYAARcx0.jpg,,,,,,,[],,,,
1382775582572703744,1382775582572703744,2021-04-16 00:49:24 IST,2021-04-16,00:49:24,+0530,254303786,dapperday,DAPPER DAY,,"Make a splash in our new Blue Lagoon Bow Ties print designed by Justin J. (moi) founder of Dapper Day. Shop our designs at  https://t.co/9V8XFqlOI7 and in person at our EPCOT pop-up shop April 19-26 in Walt Disney World, Florida.  https://t.co/Vojw2sBCaO",en,[],['http://DapperDay.com'],"['https://pbs.twimg.com/media/EzCbD7rUUAMHhwA.jpg', 'https://pbs.twimg.com/media/EzCbD7pVUAUWDbT.jpg']",0,0,9,[],[],https://twitter.com/DapperDay/status/1382775582572703744,False,,1,https://pbs.twimg.com/media/EzCbD7rUUAMHhwA.jpg,,,,,,,[],,,,
1382139417050058752,1382139417050058752,2021-04-14 06:41:30 IST,2021-04-14,06:41:30,+0530,254303786,dapperday,DAPPER DAY,,"Dress to impress and join our Florida Spring Park Outings if you can! • Sat April 24, 🏰 The Magic Kingdom • Sun April 25, 🌐 EPCOT  Shop our new designs in person at our EPCOT pop-up shop 🛍 April 19-26 too!  https://t.co/9V8XFqlOI7  📷  https://t.co/ZYfXUPARpi  https://t.co/csR8zwIJly",en,[],"['http://DapperDay.com', 'http://Instagram.com/magicbymuses']",['https://pbs.twimg.com/media/Ey5YeUVUYAIz0rG.jpg'],0,0,6,[],[],https://twitter.com/DapperDay/status/1382139417050058752,False,,1,https://pbs.twimg.com/media/Ey5YeUVUYAIz0rG.jpg,,,,,,,[],,,,
1380230110977007616,1380230110977007616,2021-04-09 00:14:36 IST,2021-04-09,00:14:36,+0530,254303786,dapperday,DAPPER DAY,,Find us in Florida in 2 weeks! We’ll debut a new collection at EPCOT April 19 at our cute cabana outside the Germany Pavilion. Honeybee Book your stay today and save with our special rates for our April 24+25 Spring Outing at  https://t.co/9V8XFqlOI7  https://t.co/pCc39AZvYF,en,[],['http://DapperDay.com'],['https://pbs.twimg.com/media/EyeP2waUYAE-I6L.jpg'],0,1,9,[],[],https://twitter.com/DapperDay/status/1380230110977007616,False,,1,https://pbs.twimg.com/media/EyeP2waUYAE-I6L.jpg,,,,,,,[],,,,
1378070938286088192,1378070938286088192,2021-04-03 01:14:49 IST,2021-04-03,01:14:49,+0530,254303786,dapperday,DAPPER DAY,,"Make a splash in our new Blue Lagoon Bow Ties print designed by Justin J. (moi) founder of Dapper Day. Shop our designs at  https://t.co/9V8XFqlOI7 and in person at out EPCOT pop-up shop April 19-26 in Walt Disney World, Florida.  https://t.co/fGOl6Yk8fM",en,[],['http://DapperDay.com'],['https://pbs.twimg.com/media/Ex_kEXAVgAIQFe-.jpg'],1,0,10,[],[],https://twitter.com/DapperDay/status/1378070938286088192,False,,1,https://pbs.twimg.com/media/Ex_kEXAVgAIQFe-.jpg,,,,,,,[],,,,
1375842243613876231,1375842243613876231,2021-03-27 21:38:47 IST,2021-03-27,21:38:47,+0530,254303786,dapperday,DAPPER DAY,,"Join us this Fall in Florida, Nov 20+21! Book your stay today with our block of special-rate rooms reserved just for you at  https://t.co/9V8XFqlOI7 (April event Walt Disney World rooms may still be available too!) Which parks should we visit in Nov? 🤔  📷  https://t.co/1XhJ95KGV7  https://t.co/njoO6uzRZA",en,[],"['http://DapperDay.com', 'http://Instagram.com/see.wdw']",['https://pbs.twimg.com/media/Exf5OkiUYAISK9L.jpg'],0,1,5,[],[],https://twitter.com/DapperDay/status/1375842243613876231,False,,1,https://pbs.twimg.com/media/Exf5OkiUYAISK9L.jpg,,,,,,,[],,,,
1372958971674304517,1372211476895780867,2021-03-19 22:41:41 IST,2021-03-19,22:41:41,+0530,254303786,dapperday,DAPPER DAY,,@millymouse_x We already have a Summer event plan in place with the Disneyland Resort and hope to confirm that event soon! 😙  https://t.co/9V8XFqlOI7,en,[],['http://DapperDay.com'],[],0,0,4,[],[],https://twitter.com/DapperDay/status/1372958971674304517,False,,0,,,,,,,,"[{'screen_name': 'millymouse_x', 'name': 'Milly', 'id': '2539296073'}]",,,,
1372958562494779395,1372958562494779395,2021-03-19 22:40:04 IST,2021-03-19,22:40:04,+0530,254303786,dapperday,DAPPER DAY,,These groovy vintage shoe clips just arrived with more fresh finds at our  https://t.co/9V8XFqlOI7 Spring Boutique!  https://t.co/tynf3VbtmS,en,[],['http://DapperDay.com'],['https://pbs.twimg.com/media/Ew26iR9UcAAewOW.jpg'],0,0,1,[],[],https://twitter.com/DapperDay/status/1372958562494779395,False,,1,https://pbs.twimg.com/media/Ew26iR9UcAAewOW.jpg,,,,,,,[],,,,
1369857792429891584,1369857792429891584,2021-03-11 09:18:43 IST,2021-03-11,09:18:43,+0530,254303786,dapperday,DAPPER DAY,,New in shop - vintage hats!  Shop our new Spring Boutique at  https://t.co/9V8XFqlOI7  https://t.co/TC8P3OfPXO,en,[],['http://DapperDay.com'],"['https://pbs.twimg.com/media/EwK2ZrbUUAISEQW.jpg', 'https://pbs.twimg.com/media/EwK2ZrcUYAE4V7B.jpg']",0,0,5,[],[],https://twitter.com/DapperDay/status/1369857792429891584,False,,1,https://pbs.twimg.com/media/EwK2ZrbUUAISEQW.jpg,,,,,,,[],,,,
1369437582719934475,1369437582719934475,2021-03-10 05:28:57 IST,2021-03-10,05:28:57,+0530,254303786,dapperday,DAPPER DAY,,Find us in Florida next month! We’ll debut a new collection at EPCOT April 19 at our cute cabana outside the Germany Pavilion. 🐝 Book your stay today and save with our special rates for our April 24+25 Spring Outing at  https://t.co/9V8XFq4dQz  https://t.co/uDVyZtILUr,en,[],['http://DapperDay.com'],['https://pbs.twimg.com/media/EwE4OAkWYAQfVDF.jpg'],0,0,1,[],[],https://twitter.com/DapperDay/status/1369437582719934475,False,,1,https://pbs.twimg.com/media/EwE4OAkWYAQfVDF.jpg,,,,,,,[],,,,
1363318026465026049,1363318026465026049,2021-02-21 08:12:01 IST,2021-02-21,08:12:01,+0530,254303786,dapperday,DAPPER DAY,, https://t.co/E1yRmhQHXE Thanks @NBCLA,en,"[{'screen_name': 'nbcla', 'name': 'nbc los angeles', 'id': '17379685'}]",['https://www.nbclosangeles.com/worth-the-trip/happy-10th-anniversary-dapper-day/2531960/'],[],0,1,5,[],[],https://twitter.com/DapperDay/status/1363318026465026049,False,,0,,,,,,,,[],,,,
1363224912098324480,1363224912098324480,2021-02-21 02:02:01 IST,2021-02-21,02:02:01,+0530,254303786,dapperday,DAPPER DAY,,"It’s our birthday! 🥳 10 years ago today I organized our first outing for those looking to “dress up a little—or a lot!” We have much celebrating to do this year, starting with our new pin! Thanks so much for joining us and we hope to see you soon! -J.  https://t.co/9V8XFqlOI7  https://t.co/N6pbzrkfdy",en,[],['http://DapperDay.com'],['https://pbs.twimg.com/media/EuslPnoVgAA-LDI.jpg'],0,5,25,[],[],https://twitter.com/DapperDay/status/1363224912098324480,False,,1,https://pbs.twimg.com/media/EuslPnoVgAA-LDI.jpg,,,,,,,[],,,,
1361782823804313603,1361782823804313603,2021-02-17 02:31:40 IST,2021-02-17,02:31:40,+0530,254303786,dapperday,DAPPER DAY,,Book your room here and save big with our very special rates for stays over our DAPPER DAY Spring Outing to Walt Disney World April 24+25! Details at  https://t.co/F5acTr9y17  https://t.co/DhahjaDKyl,en,[],['https://dapperday.com/pages/spring-2021-walt-disney-world-fl'],['https://pbs.twimg.com/media/EuYF4qSUcAIONd8.jpg'],0,0,2,[],[],https://twitter.com/DapperDay/status/1361782823804313603,False,,1,https://pbs.twimg.com/media/EuYF4qSUcAIONd8.jpg,,,,,,,[],,,,
1359690779459915777,1359690779459915777,2021-02-11 07:58:38 IST,2021-02-11,07:58:38,+0530,254303786,dapperday,DAPPER DAY,,New Spotify playlist! 💕📻🎶Set the mood for swooning and seduction—with French and Italian flavors. 🥰 Link at  https://t.co/9V8XFqlOI7  https://t.co/r1k0RCqSbk,en,[],['http://DapperDay.com'],['https://pbs.twimg.com/media/Et6XjfuUUAIemce.jpg'],0,0,1,[],[],https://twitter.com/DapperDay/status/1359690779459915777,False,,1,https://pbs.twimg.com/media/Et6XjfuUUAIemce.jpg,,,,,,,[],,,,
1358870406002708480,1358870406002708480,2021-02-09 01:38:46 IST,2021-02-09,01:38:46,+0530,254303786,dapperday,DAPPER DAY,,Last call! 💝 25%-off select gifts from our Be My Valentine Boutique at  https://t.co/9V8XFqlOI7  https://t.co/zajd2l3esn,en,[],['http://DapperDay.com'],"['https://pbs.twimg.com/media/EtutboPVIAIIBfo.jpg', 'https://pbs.twimg.com/media/EtutboPUYAE5GO2.jpg']",0,0,6,[],[],https://twitter.com/DapperDay/status/1358870406002708480,False,,1,https://pbs.twimg.com/media/EtutboPVIAIIBfo.jpg,,,,,,,[],,,,
1354544061122678786,1354544061122678786,2021-01-28 03:07:25 IST,2021-01-28,03:07:25,+0530,254303786,dapperday,DAPPER DAY,,A year ago this month we whooped it up at our 5th annual event with @LACMA We look forward to resuming events (and visits!) once the museum reopens! 🎨  https://t.co/9V8XFqlOI7 See photos at  https://t.co/iidJfFGcIL  https://t.co/FcQXZaAHiv,en,"[{'screen_name': 'lacma', 'name': 'lacma', 'id': '14991920'}]","['http://DapperDay.com', 'https://www.facebook.com/DapperDay/photos/?tab=album&album_id=5109642965742988']",['https://pbs.twimg.com/media/EsxOYnvVoAA_bvS.jpg'],0,0,4,[],[],https://twitter.com/DapperDay/status/1354544061122678786,False,,1,https://pbs.twimg.com/media/EsxOYnvVoAA_bvS.jpg,,,,,,,[],,,,
1354163288615997440,1354163288615997440,2021-01-27 01:54:21 IST,2021-01-27,01:54:21,+0530,254303786,dapperday,DAPPER DAY,,New! Get our Lovey Dovey Doves pin designed with @asiadraws now at  https://t.co/9V8XFqlOI7  https://t.co/VTnndoz8Vg,en,"[{'screen_name': 'asiadraws', 'name': 'asia ellington 👓', 'id': '221131451'}]",['http://DapperDay.com'],['https://pbs.twimg.com/media/Esr0VXTVoAAkiBt.jpg'],0,2,13,[],[],https://twitter.com/DapperDay/status/1354163288615997440,False,,1,https://pbs.twimg.com/media/Esr0VXTVoAAkiBt.jpg,,,,,,,[],,,,
1353105384068665344,1353105384068665344,2021-01-24 03:50:37 IST,2021-01-24,03:50:37,+0530,254303786,dapperday,DAPPER DAY,,"Cute coats won’t be needed at our April 24+25 Spring Outing to Walt Disney World! Book your stay today with our new lower rates at  https://t.co/9V8XFqlOI7!  “Step out in – masked – style” with us: Sat April 24, The Magic Kingdom Sun April 25, EPCOT  https://t.co/dPPJ60VvNL",en,[],['http://DapperDay.com'],['https://pbs.twimg.com/media/EscyLJaUwAAAH-1.jpg'],0,0,8,[],[],https://twitter.com/DapperDay/status/1353105384068665344,False,,1,https://pbs.twimg.com/media/EscyLJaUwAAAH-1.jpg,,,,,,,[],,,,
1353063789982228480,1353063789982228480,2021-01-24 01:05:20 IST,2021-01-24,01:05:20,+0530,254303786,dapperday,DAPPER DAY,,Save big when you book your Walt Disney World room with our very special rates for stays over our DAPPER DAY  Spring event April 24+25! Details at  https://t.co/F5acTr9y17  https://t.co/hrTt9f7DN9,en,[],['https://dapperday.com/pages/spring-2021-walt-disney-world-fl'],['https://pbs.twimg.com/media/EscLv4eUwAMwvpE.jpg'],0,0,0,[],[],https://twitter.com/DapperDay/status/1353063789982228480,False,,1,https://pbs.twimg.com/media/EscLv4eUwAMwvpE.jpg,,,,,,,[],,,,
1352678637745528832,1352678637745528832,2021-01-22 23:34:53 IST,2021-01-22,23:34:53,+0530,254303786,dapperday,DAPPER DAY,,Fax me! Lol! 😘 Fun vintage finds are going fast at our new Be My Valentine Boutique at  https://t.co/9V8XFqlOI7  https://t.co/iydZagPKvI,en,[],['http://DapperDay.com'],['https://pbs.twimg.com/media/EsWuDTiUcAIptl1.jpg'],0,0,1,[],[],https://twitter.com/DapperDay/status/1352678637745528832,False,,1,https://pbs.twimg.com/media/EsWuDTiUcAIptl1.jpg,,,,,,,[],,,,
1352453130798080003,1352453130798080003,2021-01-22 08:38:48 IST,2021-01-22,08:38:48,+0530,254303786,dapperday,DAPPER DAY,,Can we give you a hand with Valentine gift ideas? 🥰 Fun finds are going fast at  https://t.co/9V8XFqlOI7  https://t.co/AmHSVSbItJ,en,[],['http://DapperDay.com'],['https://pbs.twimg.com/media/EsTg9ESUwAMuHqM.jpg'],0,0,5,[],[],https://twitter.com/DapperDay/status/1352453130798080003,False,,1,https://pbs.twimg.com/media/EsTg9ESUwAMuHqM.jpg,,,,,,,[],,,,
1352390886882123776,1346664614247936001,2021-01-22 04:31:28 IST,2021-01-22,04:31:28,+0530,254303786,dapperday,DAPPER DAY,,@nittsallgood @WaltDisneyWorld We hope to have those announced within the next few weeks 😙,en,[],[],[],0,0,1,[],[],https://twitter.com/DapperDay/status/1352390886882123776,False,,0,,,,,,,,"[{'screen_name': 'nittsallgood', 'name': 'JayJayallday', 'id': '965009998563696640'}, {'screen_name': 'WaltDisneyWorld', 'name': 'Walt Disney World', 'id': '15220473'}]",,,,
1352338585333112833,1352338585333112833,2021-01-22 01:03:38 IST,2021-01-22,01:03:38,+0530,254303786,dapperday,DAPPER DAY,,"Now Open: Be My Valentine Boutique at  https://t.co/9V8XFqlOI7   Shop fun vintage finds, and great gifts from our partners for a limited time!  https://t.co/uh3jdz9o88",en,[],['http://DapperDay.com'],['https://pbs.twimg.com/media/EsR4lkjVoAAzwJL.jpg'],0,0,2,[],[],https://twitter.com/DapperDay/status/1352338585333112833,False,,1,https://pbs.twimg.com/media/EsR4lkjVoAAzwJL.jpg,,,,,,,[],,,,
1347995715251761154,1347995715251761154,2021-01-10 01:26:37 IST,2021-01-10,01:26:37,+0530,254303786,dapperday,DAPPER DAY,,What will you make? ✂️ 🧵Our print archive is available to order on demand in over 20 different fabrics from  https://t.co/e1YMKOwkil  https://t.co/ZGJfoKsKZC,en,[],['https://www.spoonflower.com/profiles/dapperday'],['https://pbs.twimg.com/media/ErUK9ScVEAI4pz-.jpg'],0,0,6,[],[],https://twitter.com/DapperDay/status/1347995715251761154,False,,1,https://pbs.twimg.com/media/ErUK9ScVEAI4pz-.jpg,,,,,,,[],,,,
1342710157151617025,1342710157151617025,2020-12-26 11:23:42 IST,2020-12-26,11:23:42,+0530,254303786,dapperday,DAPPER DAY,,Enjoy some Winter scenery from Eyvind Earle  https://t.co/yX3xY1b8ip,en,[],[],['https://pbs.twimg.com/media/EqJDxYAUUAAwfI5.jpg'],1,10,50,[],[],https://twitter.com/DapperDay/status/1342710157151617025,False,,1,https://pbs.twimg.com/media/EqJDxYAUUAAwfI5.jpg,,,,,,,[],,,,
1341485302330769408,1341485302330769408,2020-12-23 02:16:34 IST,2020-12-23,02:16:34,+0530,254303786,dapperday,DAPPER DAY,,#holidaystyle was happening! Photos from our Fall 2020 Walt Disney World Outing are up on our Facebook at   https://t.co/9NJ2oYdib6  https://t.co/XXX9XYrsaT,en,[],['https://www.facebook.com/pg/DapperDay/photos/?tab=album&album_id=4906473102726643'],['https://pbs.twimg.com/media/Ep3poOnVoAAwI_8.jpg'],0,0,3,['holidaystyle'],[],https://twitter.com/DapperDay/status/1341485302330769408,False,,1,https://pbs.twimg.com/media/Ep3poOnVoAAwI_8.jpg,,,,,,,[],,,,
1340131136182218752,1340131136182218752,2020-12-19 08:35:35 IST,2020-12-19,08:35:35,+0530,254303786,dapperday,DAPPER DAY,,A sweet souvenir of a hard candy year! Our DAPPER DAY 2020 butterscotch pin is now on sale!  https://t.co/LNhuTzu2KW  https://t.co/4fMdnnEH7m,en,[],['https://dapperday.com/collections/holiday-boutique/products/butterscotch-candy-pin'],['https://pbs.twimg.com/media/EpkaKlGU0AAg04d.jpg'],0,0,3,[],[],https://twitter.com/DapperDay/status/1340131136182218752,False,,1,https://pbs.twimg.com/media/EpkaKlGU0AAg04d.jpg,,,,,,,[],,,,
1339290525120122880,1339290525120122880,2020-12-17 00:55:18 IST,2020-12-17,00:55:18,+0530,254303786,dapperday,DAPPER DAY,,#holidaystyle was happening! Photos from our Fall 2020 Walt Disney World Outing are up on our Facebook at  https://t.co/9NJ2oYdib6  https://t.co/tDUqGPQVHU,en,[],['https://www.facebook.com/pg/DapperDay/photos/?tab=album&album_id=4906473102726643'],['https://pbs.twimg.com/media/EpYdohbUUAEhwDO.jpg'],0,0,13,['holidaystyle'],[],https://twitter.com/DapperDay/status/1339290525120122880,False,,1,https://pbs.twimg.com/media/EpYdohbUUAEhwDO.jpg,,,,,,,[],,,,
1338722611136622595,1338722611136622595,2020-12-15 11:18:37 IST,2020-12-15,11:18:37,+0530,254303786,dapperday,DAPPER DAY,,Mrs. Clause it up to something. Not sure what. But she’s a one of a kind vintage find and on sale now in our Holiday Boutique at  https://t.co/9V8XFqlOI7  https://t.co/DHBFxVfQ9S,en,[],['http://DapperDay.com'],['https://pbs.twimg.com/media/EpQZHoDVgAAerbZ.jpg'],0,0,4,[],[],https://twitter.com/DapperDay/status/1338722611136622595,False,,1,https://pbs.twimg.com/media/EpQZHoDVgAAerbZ.jpg,,,,,,,[],,,,
1337544646705074178,1337544646705074178,2020-12-12 05:17:48 IST,2020-12-12,05:17:48,+0530,254303786,dapperday,DAPPER DAY,,Our Fall 2020 Walt Disney World Outing photos are up on our Facebook!  https://t.co/9NJ2oYdib6  https://t.co/RFpR4sghbO,en,[],['https://www.facebook.com/pg/DapperDay/photos/?tab=album&album_id=4906473102726643'],['https://pbs.twimg.com/media/Eo_pxB2UUAIQj9t.jpg'],0,0,6,[],[],https://twitter.com/DapperDay/status/1337544646705074178,False,,1,https://pbs.twimg.com/media/Eo_pxB2UUAIQj9t.jpg,,,,,,,[],,,,
1337209740338728960,1337209740338728960,2020-12-11 07:07:00 IST,2020-12-11,07:07:00,+0530,254303786,dapperday,DAPPER DAY,,🚨 Last call! Mask Sale! ✨😷✨Flash Sale! 25%-off all masks for 48 hours only! Get yours  https://t.co/rWOtBe17Gc  https://t.co/B48L74eTbS,en,[],['https://dapperday.com/collections/face-masks'],['https://pbs.twimg.com/media/Eo65K8JUcAAM1Jh.jpg'],0,0,1,[],[],https://twitter.com/DapperDay/status/1337209740338728960,False,,1,https://pbs.twimg.com/media/Eo65K8JUcAAM1Jh.jpg,,,,,,,[],,,,
1336865735797194752,1336865735797194752,2020-12-10 08:20:03 IST,2020-12-10,08:20:03,+0530,254303786,dapperday,DAPPER DAY,,Mask Sale! ✨😷✨Flash Sale! 25%-off all masks for 48 hours only! Get yours at  https://t.co/rWOtBe17Gc  https://t.co/8GJgBXbgUm,en,[],['https://dapperday.com/collections/face-masks'],['https://pbs.twimg.com/media/Eo2AOiGUcAEpAwF.jpg'],0,0,1,[],[],https://twitter.com/DapperDay/status/1336865735797194752,False,,1,https://pbs.twimg.com/media/Eo2AOiGUcAEpAwF.jpg,,,,,,,[],,,,
1336175644812558336,1336175644812558336,2020-12-08 10:37:53 IST,2020-12-08,10:37:53,+0530,254303786,dapperday,DAPPER DAY,,"“Humands”, a very silly gift book in our  https://t.co/9V8XFqlOI7 Holiday Boutique from artist Mario Mariotti displaying all the fun one can have with a little creativity and a lot of time on your hands. 📚  https://t.co/qciM7bP2j1",en,[],['http://DapperDay.com'],['https://pbs.twimg.com/media/EosMqpFVEAE-dvW.jpg'],0,1,4,[],[],https://twitter.com/DapperDay/status/1336175644812558336,False,,1,https://pbs.twimg.com/media/EosMqpFVEAE-dvW.jpg,,,,,,,[],,,,
1335813600452046848,1335813600452046848,2020-12-07 10:39:15 IST,2020-12-07,10:39:15,+0530,254303786,dapperday,DAPPER DAY,,And now for something sweet! 😋🍬 Get yours now at  https://t.co/9V8XFqlOI7  https://t.co/hctb88Wtcn,en,[],['http://DapperDay.com'],"['https://pbs.twimg.com/media/EonDY0dVEAARawd.jpg', 'https://pbs.twimg.com/media/EonDY0yVgAA-Lpg.jpg']",0,0,12,[],[],https://twitter.com/DapperDay/status/1335813600452046848,False,,1,https://pbs.twimg.com/media/EonDY0dVEAARawd.jpg,,,,,,,[],,,,
1335334115680260098,1335334115680260098,2020-12-06 02:53:57 IST,2020-12-06,02:53:57,+0530,254303786,dapperday,DAPPER DAY,,"😋 Be the treat you’ll want to eat in our Candy Stripe print!  Dress, shirt, and matching mask available now at  https://t.co/9V8XFqlOI7 and  https://t.co/sLh7Y9ahkG Thank you for supporting small businesses! 💕  https://t.co/Q3s3PKJBgv",en,[],"['http://DapperDay.com', 'http://Tatyana.com']",['https://pbs.twimg.com/media/EogPS3lUYAET7JY.jpg'],0,0,3,[],[],https://twitter.com/DapperDay/status/1335334115680260098,False,,1,https://pbs.twimg.com/media/EogPS3lUYAET7JY.jpg,,,,,,,[],,,,
1334579149386575872,1334579149386575872,2020-12-04 00:53:59 IST,2020-12-04,00:53:59,+0530,254303786,dapperday,DAPPER DAY,,It’s our candy stripe print in the wild! Get yours at  https://t.co/9V8XFqlOI7,en,[],['http://DapperDay.com'],[],0,0,1,[],[],https://twitter.com/DapperDay/status/1334579149386575872,False,https://twitter.com/tatyanaboutique/status/1334234647895674883,0,,,,,,,,[],,,,
1334578628714057728,1334578628714057728,2020-12-04 00:51:55 IST,2020-12-04,00:51:55,+0530,254303786,dapperday,DAPPER DAY,,Shop original 1950s fashion sketch illustration prints from Paris like this festive number now at  https://t.co/9V8XFqlOI7  https://t.co/J3w64nu8OH,en,[],['http://DapperDay.com'],['https://pbs.twimg.com/media/EoVgMFQVoAAfSR3.jpg'],0,0,4,[],[],https://twitter.com/DapperDay/status/1334578628714057728,False,,1,https://pbs.twimg.com/media/EoVgMFQVoAAfSR3.jpg,,,,,,,[],,,,
1333996601765888000,1333996601765888000,2020-12-02 10:19:08 IST,2020-12-02,10:19:08,+0530,254303786,dapperday,DAPPER DAY,,We're on Pinterest! Do give us a follow if you like fun!   https://t.co/YLaJFi7ZdC  https://t.co/LdC6ztGYvD,en,[],['https://www.pinterest.com/dapperday'],['https://pbs.twimg.com/media/EoNOwHRVoAEFahM.jpg'],0,1,4,[],[],https://twitter.com/DapperDay/status/1333996601765888000,False,,1,https://pbs.twimg.com/media/EoNOwHRVoAEFahM.jpg,,,,,,,[],,,,
1333607658289414145,1333607658289414145,2020-12-01 08:33:37 IST,2020-12-01,08:33:37,+0530,254303786,dapperday,DAPPER DAY,,The best invention of the season! 🎄LED Christmas lights that look identical (and we mean IDENTICAL) to the classic incandescents. Great vintage glow without the “is something burning?” smell! Get yours here:  https://t.co/Ch0yCYkQWN  https://t.co/THuE394pbd,en,[],['https://tru-tone.com/dapperday/'],['https://pbs.twimg.com/media/EoHtGEQVcAAh9mK.jpg'],0,0,5,[],[],https://twitter.com/DapperDay/status/1333607658289414145,False,,1,https://pbs.twimg.com/media/EoHtGEQVcAAh9mK.jpg,,,,,,,[],,,,
1333229263911223296,1333229263911223296,2020-11-30 07:30:01 IST,2020-11-30,07:30:01,+0530,254303786,dapperday,DAPPER DAY,,✨ Have you seen all our fun finds in our new Holiday Boutique at  https://t.co/9V8XFqlOI7? ✨  https://t.co/K1hfU6D1pD,en,[],['http://DapperDay.com'],"['https://pbs.twimg.com/media/EoCU8ltVoAEtfao.jpg', 'https://pbs.twimg.com/media/EoCU8l4VQAAmbqD.jpg']",0,0,2,[],[],https://twitter.com/DapperDay/status/1333229263911223296,False,,1,https://pbs.twimg.com/media/EoCU8ltVoAEtfao.jpg,,,,,,,[],,,,
1332771814574055427,1332771814574055427,2020-11-29 01:12:16 IST,2020-11-29,01:12:16,+0530,254303786,dapperday,DAPPER DAY,,"Be the treat you’ll want to eat in our Candy Stripe print!  Dress, shirt, and matching mask available now at  https://t.co/9V8XFq4dQz and  https://t.co/sLh7Y8SGt8 Thank you for supporting small businesses! ❤️  https://t.co/sNt0emy7gh",en,[],"['http://DapperDay.com', 'http://Tatyana.com']",['https://pbs.twimg.com/media/En705kbVcAAzaK2.jpg'],0,0,4,[],[],https://twitter.com/DapperDay/status/1332771814574055427,False,,1,https://pbs.twimg.com/media/En705kbVcAAzaK2.jpg,,,,,,,[],,,,
1332063411815890944,1332063411815890944,2020-11-27 02:17:20 IST,2020-11-27,02:17:20,+0530,254303786,dapperday,DAPPER DAY,,"Thankful for those who, in all forms past &amp; present, protect land &amp; people - like U.S. Army Staff Sgt. (and paratrooper) Lauri Kindness seen here wearing a Warbonnet as she leads the Crow Fair Parade. Photo from @singsintimber More about Lauri:  https://t.co/69k0ZTWWla  https://t.co/nkXgxCe3hI",en,"[{'screen_name': 'singsintimber', 'name': 'adam sings in the timber', 'id': '54928618'}]",['https://www.theamericanlegacyproject.org/kindness'],['https://pbs.twimg.com/media/EnxwnJjUUAAsAWA.jpg'],0,1,8,[],[],https://twitter.com/DapperDay/status/1332063411815890944,False,,1,https://pbs.twimg.com/media/EnxwnJjUUAAsAWA.jpg,,,,,,,[],,,,
1331032275799007234,1331032275799007234,2020-11-24 05:59:58 IST,2020-11-24,05:59:58,+0530,254303786,dapperday,DAPPER DAY,,✨😙✨,und,[],[],[],0,0,9,[],[],https://twitter.com/DapperDay/status/1331032275799007234,False,https://twitter.com/Thicc_Baloney/status/1330994887785738240,0,,,,,,,,[],,,,
1330727453283606531,1330727453283606531,2020-11-23 09:48:43 IST,2020-11-23,09:48:43,+0530,254303786,dapperday,DAPPER DAY,,"Thanks for joining us at all our 2020 events - from @LACMA to @WaltDisneyWorld, and remotely at home! Next year we celebrate 10 years of “stepping out in style!” and can’t wait to see you! Book your 2021 Disney stay today online with our special rates at  https://t.co/9V8XFqlOI7",en,"[{'screen_name': 'lacma', 'name': 'lacma', 'id': '14991920'}, {'screen_name': 'waltdisneyworld', 'name': 'walt disney world', 'id': '15220473'}]",['http://DapperDay.com'],[],0,0,9,[],[],https://twitter.com/DapperDay/status/1330727453283606531,False,,0,,,,,,,,[],,,,
1330599721941954561,1330599721941954561,2020-11-23 01:21:09 IST,2020-11-23,01:21:09,+0530,254303786,dapperday,DAPPER DAY,,"TODAY ONLY! @Spoonflower is having a 20%-off sale on all fabrics. Shop our @DapperDay prints in over 20 fabrics - we can't wait to see what you make!  https://t.co/e1YMKOwkil  Sale ends Sun Nov 22, 9p PST.  https://t.co/K01BxsYAgn",en,"[{'screen_name': 'spoonflower', 'name': 'spoonflower', 'id': '15023066'}, {'screen_name': 'dapperday', 'name': 'dapper day', 'id': '254303786'}]",['https://www.spoonflower.com/profiles/dapperday'],['https://pbs.twimg.com/media/Enc9RzmVkAECGz2.jpg'],0,1,5,[],[],https://twitter.com/DapperDay/status/1330599721941954561,False,,1,https://pbs.twimg.com/media/Enc9RzmVkAECGz2.jpg,,,,,,,[],,,,
1330593635327299584,1330593635327299584,2020-11-23 00:56:58 IST,2020-11-23,00:56:58,+0530,254303786,dapperday,DAPPER DAY,,✨😙✨,und,[],[],[],0,0,6,[],[],https://twitter.com/DapperDay/status/1330593635327299584,False,https://twitter.com/MrsMommy/status/1330585425413599243,0,,,,,,,,[],,,,
1330273881727307780,1330273881727307780,2020-11-22 03:46:23 IST,2020-11-22,03:46:23,+0530,254303786,dapperday,DAPPER DAY,,✨😙✨,und,[],[],[],0,0,10,[],[],https://twitter.com/DapperDay/status/1330273881727307780,False,https://twitter.com/toughtinkart/status/1330220482256392193,0,,,,,,,,[],,,,
1330273629968490504,1330273629968490504,2020-11-22 03:45:23 IST,2020-11-22,03:45:23,+0530,254303786,dapperday,DAPPER DAY,,A few photos from today at @WaltDisneyWorld  📸 See our schedule at  https://t.co/9V8XFq4dQz and join us from home!,en,"[{'screen_name': 'waltdisneyworld', 'name': 'walt disney world', 'id': '15220473'}]",['http://DapperDay.com'],[],0,0,4,[],[],https://twitter.com/DapperDay/status/1330273629968490504,False,https://twitter.com/MickeyBlog_/status/1330269878125793283,0,,,,,,,,[],,,,
1330272745008017408,1330272745008017408,2020-11-22 03:41:52 IST,2020-11-22,03:41:52,+0530,254303786,dapperday,DAPPER DAY,,✨😙✨,und,[],[],[],0,2,15,[],[],https://twitter.com/DapperDay/status/1330272745008017408,False,https://twitter.com/SillyKat_/status/1330207559375073280,0,,,,,,,,[],,,,
1329868192928256001,1329868192928256001,2020-11-21 00:54:19 IST,2020-11-21,00:54:19,+0530,254303786,dapperday,DAPPER DAY,,"Now thru Sun, Nov 22, shop select @DapperDay designs exclusively at @ChapelHats Disney Springs! Pick up your free DAPPER DAY Fall 2020 Events button too!  https://t.co/Rs7R2PJFlv",en,"[{'screen_name': 'dapperday', 'name': 'dapper day', 'id': '254303786'}, {'screen_name': 'chapelhats', 'name': 'chapel hats', 'id': '221864235'}]",[],['https://pbs.twimg.com/media/EnSkEpTVEAAMnqa.jpg'],0,0,9,[],[],https://twitter.com/DapperDay/status/1329868192928256001,False,,1,https://pbs.twimg.com/media/EnSkEpTVEAAMnqa.jpg,,,,,,,[],,,,
1327846467248168961,1327846467248168961,2020-11-15 11:00:42 IST,2020-11-15,11:00:42,+0530,254303786,dapperday,DAPPER DAY,,Photos from our October Disneyland Paris “Rencontre Automnale” are now up on our Facebook or see link at  https://t.co/9V8XFqlOI7  https://t.co/zX79WOmBfU,en,[],['http://DapperDay.com'],['https://pbs.twimg.com/media/Em11UscUwAYact1.jpg'],0,1,32,[],[],https://twitter.com/DapperDay/status/1327846467248168961,False,,1,https://pbs.twimg.com/media/Em11UscUwAYact1.jpg,,,,,,,[],,,,
1327717548549312513,1327717548549312513,2020-11-15 02:28:26 IST,2020-11-15,02:28:26,+0530,254303786,dapperday,DAPPER DAY,,"New! Be the treat you’ll want to eat in our Candy Stripe print!  Dress, shirt, and matching mask available now at  https://t.co/9V8XFqlOI7 and  https://t.co/sLh7Y9ahkG  https://t.co/9iP9vQ0ioF",en,[],"['http://DapperDay.com', 'http://Tatyana.com']",['https://pbs.twimg.com/media/Em0AEqZVkAAMepE.jpg'],0,0,5,[],[],https://twitter.com/DapperDay/status/1327717548549312513,False,,1,https://pbs.twimg.com/media/Em0AEqZVkAAMepE.jpg,,,,,,,[],,,,
1326618193364856833,1326618193364856833,2020-11-12 01:39:59 IST,2020-11-12,01:39:59,+0530,254303786,dapperday,DAPPER DAY,,"Wishing well to all our service members, past &amp; present this Veterans Day. As always, we encourage active &amp; retired service members to wear their dress uniforms to our outings &amp; events if they like. ⭐️  https://t.co/9V8XFqlOI7  Photo from our Fall 2019, Walt Disney World Outing.  https://t.co/54uqDJKqUN",en,[],['http://DapperDay.com'],['https://pbs.twimg.com/media/EmkYNaxUYAEZpqf.jpg'],0,0,9,[],[],https://twitter.com/DapperDay/status/1326618193364856833,False,,1,https://pbs.twimg.com/media/EmkYNaxUYAEZpqf.jpg,,,,,,,[],,,,
1326245689563598848,1326245689563598848,2020-11-11 00:59:47 IST,2020-11-11,00:59:47,+0530,254303786,dapperday,DAPPER DAY,,Photos from our October Disneyland Paris “Rencontre Automnale” are now up on our Facebook or see link at  https://t.co/9V8XFqlOI7  https://t.co/c2SgCIBOlw,en,[],['http://DapperDay.com'],['https://pbs.twimg.com/media/EmfFbLwU0AAH1OJ.jpg'],0,0,18,[],[],https://twitter.com/DapperDay/status/1326245689563598848,False,,1,https://pbs.twimg.com/media/EmfFbLwU0AAH1OJ.jpg,,,,,,,[],,,,
1323443203861671938,1323443203861671938,2020-11-03 07:23:42 IST,2020-11-03,07:23:42,+0530,254303786,dapperday,DAPPER DAY,,A suffragette-inspired ensemble seems a perfect Election Day look!  (The colors seen here are actually those used the by the English suffragettes.) 💜🤍💚 Photo from  https://t.co/XYddtHFGQo  Styling &amp; Costume Design  https://t.co/wh8Yw2wWGF Model  https://t.co/WAUTBYpu8M  https://t.co/BV8XgsHCQf,en,[],"['http://Instagram.com/seyon__', 'http://Instagram.com/houseofseyon', 'http://Instagram.com/Hanabi_the_kunt']",['https://pbs.twimg.com/media/El3QkzYU4AISiBZ.jpg'],0,2,2,[],[],https://twitter.com/DapperDay/status/1323443203861671938,False,,1,https://pbs.twimg.com/media/El3QkzYU4AISiBZ.jpg,,,,,,,[],,,,
1323113392102469634,1323113392102469634,2020-11-02 09:33:09 IST,2020-11-02,09:33:09,+0530,254303786,dapperday,DAPPER DAY,,No tricks just treats at our new website! 🍬  Plus get 2 free DAPPER DAY Fall 2020 Events buttons with every order from  https://t.co/9V8XFqlOI7 🍭  https://t.co/k2tLhZmaVf,en,[],['http://DapperDay.com'],"['https://pbs.twimg.com/media/ElyknPhVgAEoXB0.jpg', 'https://pbs.twimg.com/media/ElyknPiVcAE2Iro.jpg']",1,1,11,[],[],https://twitter.com/DapperDay/status/1323113392102469634,False,,1,https://pbs.twimg.com/media/ElyknPhVgAEoXB0.jpg,,,,,,,[],,,,
1321161204719439873,1321161204719439873,2020-10-28 00:15:51 IST,2020-10-28,00:15:51,+0530,254303786,dapperday,DAPPER DAY,,"When making your ☑️oting plan, don’t overlook your outfit!  Photo from  https://t.co/ozYk1t88zR in tunic by  https://t.co/JA4d4Z9Bm1  https://t.co/Vn7Hlat7qY",en,[],"['http://Instagram.com/stylecrone', 'http://Instagram.com/stevesellsstudio']",['https://pbs.twimg.com/media/ElW1HJ_UwAAhP7O.jpg'],0,1,7,[],[],https://twitter.com/DapperDay/status/1321161204719439873,False,,1,https://pbs.twimg.com/media/ElW1HJ_UwAAhP7O.jpg,,,,,,,[],,,,
1320912545020928000,1320912545020928000,2020-10-27 07:47:46 IST,2020-10-27,07:47:46,+0530,254303786,dapperday,DAPPER DAY,,And then these two happened upon a most interesting house at our autumn outing to Disneyland Paris earlier this month. 👻 Photo from  https://t.co/hCsNUyb2mT  Join our Dapper Day at Home event Nov 21+22!  https://t.co/9V8XFqlOI7  https://t.co/4v5TaFLlxL,en,[],"['http://Instagram.com/dorenpirecci', 'http://DapperDay.com']",['https://pbs.twimg.com/media/ElTS9TxU8AANjij.jpg'],0,1,5,[],[],https://twitter.com/DapperDay/status/1320912545020928000,False,,1,https://pbs.twimg.com/media/ElTS9TxU8AANjij.jpg,,,,,,,[],,,,
1320585181338583040,1320585181338583040,2020-10-26 10:06:57 IST,2020-10-26,10:06:57,+0530,254303786,dapperday,DAPPER DAY,,This suffragette-inspired look from  https://t.co/Y0LFCdefDr marched through Disneyland Paris at our autumn outing earlier this month. Join our Dapper Day at Home event Nov 21+22!  https://t.co/9V8XFqlOI7  https://t.co/wbOj2dzXNY,en,[],"['http://Instagram.com/lady_queen_dolly', 'http://DapperDay.com']",['https://pbs.twimg.com/media/ElOpOM_VcAAY7Kx.jpg'],1,8,45,[],[],https://twitter.com/DapperDay/status/1320585181338583040,False,,1,https://pbs.twimg.com/media/ElOpOM_VcAAY7Kx.jpg,,,,,,,[],,,,
1319819209598136321,1319779655801573377,2020-10-24 07:23:15 IST,2020-10-24,07:23:15,+0530,254303786,dapperday,DAPPER DAY,,@AJBCSurveys We are not actually associated with the Walt Disney Company just FYI. 😙  https://t.co/9V8XFqlOI7,en,[],['http://DapperDay.com'],[],0,0,0,[],[],https://twitter.com/DapperDay/status/1319819209598136321,False,,0,,,,,,,,"[{'screen_name': 'AJBCSurveys', 'name': 'SJ Lefevre', 'id': '867478621467922435'}]",,,,
1319742153208164353,1319742153208164353,2020-10-24 02:17:03 IST,2020-10-24,02:17:03,+0530,254303786,dapperday,DAPPER DAY,,"UPDATE: Our Fall 2020 Disneyland Resort events are now cancelled. Details:  https://t.co/SB0VCaVd58  But, please join us for “DAPPER DAY at Home” Nov 21+22! 🏰 From castles big &amp; small, dress to impress wherever you are for a weekend of activities. Details:  https://t.co/9V8XFqlOI7",en,[],"['https://dapperday.com/fall-2020-disneyland-ca/', 'http://DapperDay.com']",[],0,0,6,[],[],https://twitter.com/DapperDay/status/1319742153208164353,False,,0,,,,,,,,[],,,,
1319473993854808064,1319473993854808064,2020-10-23 08:31:29 IST,2020-10-23,08:31:29,+0530,254303786,dapperday,DAPPER DAY,,Would you believe these fantastic flapper looks at our recent Disneyland Paris outing were monster inspired? 😚 @Pixar | Photo from  https://t.co/OfzGwiseDK  https://t.co/ebQ2e83DfL,en,"[{'screen_name': 'pixar', 'name': 'pixar', 'id': '43192807'}]",['http://Instagram.com/ludovixmcgyver'],['https://pbs.twimg.com/media/Ek-2mYRVcAAUiy-.jpg'],0,4,26,[],[],https://twitter.com/DapperDay/status/1319473993854808064,False,,1,https://pbs.twimg.com/media/Ek-2mYRVcAAUiy-.jpg,,,,,,,[],,,,
1318282288304586758,1318282288304586758,2020-10-20 01:36:04 IST,2020-10-20,01:36:04,+0530,254303786,dapperday,DAPPER DAY,,We conclude our Indigenous Peoples’ Week celebrations with the work of artist  https://t.co/VnJJjR433A and his business  https://t.co/u6VSrg0zyY. Do visit his profiles! 🦅  https://t.co/gW2ACmvwwH,en,[],"['http://Instagram.com/thundervoice_eagle', 'http://Instagram.com/thundervoicehatco']","['https://pbs.twimg.com/media/Ekt6wMNUcAEWqzq.jpg', 'https://pbs.twimg.com/media/Ekt6wMOVcAACxy4.jpg']",0,4,8,[],[],https://twitter.com/DapperDay/status/1318282288304586758,False,,1,https://pbs.twimg.com/media/Ekt6wMNUcAEWqzq.jpg,,,,,,,[],,,,
1318021154313887744,1318021154313887744,2020-10-19 08:18:25 IST,2020-10-19,08:18:25,+0530,254303786,dapperday,DAPPER DAY,,New in the shop - vintage fabric masks! Just a couple of these left!  https://t.co/YUdWWq3OCk  https://t.co/eQltASE1up,en,[],['Http://shop.dapperday.com'],"['https://pbs.twimg.com/media/EkqNQHbU8AIpagc.jpg', 'https://pbs.twimg.com/media/EkqNQHdVgAAX7cG.jpg']",0,0,3,[],[],https://twitter.com/DapperDay/status/1318021154313887744,False,,1,https://pbs.twimg.com/media/EkqNQHbU8AIpagc.jpg,,,,,,,[],,,,
1317624493993455617,1317624493993455617,2020-10-18 06:02:14 IST,2020-10-18,06:02:14,+0530,254303786,dapperday,DAPPER DAY,,"Indigenous Peoples’ Week continues here with the work of Lily Hope  https://t.co/9e7Aksa9Vw modeling her Chilkat Protector which “will serve as a record of this time. In the future people will know we were here, we took care of each other and we survived.”  https://t.co/yLwBionMy8  https://t.co/v3RA6T9SXW",en,[],"['http://Instagram.com/lilyhopeweaver', 'https://www.lilyhope.com/shop']","['https://pbs.twimg.com/media/EkkkfhoVgAEB7Br.jpg', 'https://pbs.twimg.com/media/EkkkfhoVkAEaJm_.jpg']",0,1,5,[],[],https://twitter.com/DapperDay/status/1317624493993455617,False,,1,https://pbs.twimg.com/media/EkkkfhoVgAEB7Br.jpg,,,,,,,[],,,,
1315765047205879808,1315765047205879808,2020-10-13 02:53:27 IST,2020-10-13,02:53:27,+0530,254303786,dapperday,DAPPER DAY,,Celebrating Indigenous Peoples’ Day (but doing it all week 😙) by starting off with this image from  https://t.co/XCIeeaLFzW and these great ribbon skirts!  https://t.co/i4MKMZNEqN,en,[],['http://Instagram.com/ulovnthis'],['https://pbs.twimg.com/media/EkKJVfJUwAAIALz.jpg'],0,2,19,[],[],https://twitter.com/DapperDay/status/1315765047205879808,False,,1,https://pbs.twimg.com/media/EkKJVfJUwAAIALz.jpg,,,,,,,[],,,,
1315346280890036224,1315101920063827969,2020-10-11 23:09:25 IST,2020-10-11,23:09:25,+0530,254303786,dapperday,DAPPER DAY,,@spaceXbebe Our Fall Disney Outings are not cancelled. See  https://t.co/9V8XFqlOI7 for details. 😙,en,[],['http://DapperDay.com'],[],1,0,0,[],[],https://twitter.com/DapperDay/status/1315346280890036224,False,,0,,,,,,,,"[{'screen_name': 'spaceXbebe', 'name': 'kat', 'id': '1244270276780703745'}]",,,,
1315343803054653440,1315343803054653440,2020-10-11 22:59:35 IST,2020-10-11,22:59:35,+0530,254303786,dapperday,DAPPER DAY,,✨ ‘Twas a fashion fairytale yesterday at our @DapperDay autumn outing to @disneylandparis! 🍂  https://t.co/9V8XFqlOI7   Photo from  https://t.co/8NNbgeYoZf  https://t.co/vc350loT5P,en,"[{'screen_name': 'dapperday', 'name': 'dapper day', 'id': '254303786'}, {'screen_name': 'disneylandparis', 'name': 'disneyland paris', 'id': '123818293'}]","['http://DapperDay.com', 'http://Instagram.com/marc_altero']",['https://pbs.twimg.com/media/EkEKN4pU0AInh-M.jpg'],1,5,34,[],[],https://twitter.com/DapperDay/status/1315343803054653440,False,,1,https://pbs.twimg.com/media/EkEKN4pU0AInh-M.jpg,,,,,,,[],,,,
1312865088403980291,1312865088403980291,2020-10-05 02:50:03 IST,2020-10-05,02:50:03,+0530,254303786,dapperday,DAPPER DAY,,"Nov 21+22, 2020 “Step out in – masked – style” for our DAPPER DAY Fall Outing to the Walt Disney World Resort in Florida. Get details and special rates at   https://t.co/NcD8nxdJR3  https://t.co/h6skhlpwzy",en,[],['https://dapperday.com/fall-2020-wdw-fl/'],['https://pbs.twimg.com/media/Ejg71kvU4AIixql.jpg'],0,2,10,[],[],https://twitter.com/DapperDay/status/1312865088403980291,False,,1,https://pbs.twimg.com/media/Ejg71kvU4AIixql.jpg,,,,,,,[],,,,
1311768731454824448,1311768731454824448,2020-10-02 02:13:31 IST,2020-10-02,02:13:31,+0530,254303786,dapperday,DAPPER DAY,,"Saison de citrouille! 🎃 Samedi 10 octobre, rejoignez-nous pour une journée fun et stylée ! « DAPPER DAY Rencontre Automnale » à Disneyland Paris. Détails à  https://t.co/9V8XFqlOI7 Photo par  https://t.co/c2itTvgjR7 automne 2019.  https://t.co/uAeI7vRVKS",fr,[],"['http://DapperDay.com', 'http://Instagram.com/la_retourneuse_de_temps']",['https://pbs.twimg.com/media/EjRWtT9U0AAjY6W.jpg'],0,2,6,[],[],https://twitter.com/DapperDay/status/1311768731454824448,False,,1,https://pbs.twimg.com/media/EjRWtT9U0AAjY6W.jpg,,,,,,,[],,,,
1310752315830185985,1310752315830185985,2020-09-29 06:54:39 IST,2020-09-29,06:54:39,+0530,254303786,dapperday,DAPPER DAY,,New at  https://t.co/9V8XFqlOI7! Lightweight and super soft masks in our Dot Candy print! 🍬  https://t.co/O5pTvwM8Sl,en,[],['http://DapperDay.com'],['https://pbs.twimg.com/media/EjC6SHLU4AAlzyp.jpg'],0,0,12,[],[],https://twitter.com/DapperDay/status/1310752315830185985,False,,1,https://pbs.twimg.com/media/EjC6SHLU4AAlzyp.jpg,,,,,,,[],,,,
1310433517642248192,1310433517642248192,2020-09-28 09:47:51 IST,2020-09-28,09:47:51,+0530,254303786,dapperday,DAPPER DAY,,Just in! 😗 New masks at  https://t.co/2V0OiDMlnU  https://t.co/Rei3dM0dOT,en,[],['http://shop.dapperday.com'],['https://pbs.twimg.com/media/Ei-YVnwUcAARKDS.jpg'],1,1,15,[],[],https://twitter.com/DapperDay/status/1310433517642248192,False,,1,https://pbs.twimg.com/media/Ei-YVnwUcAARKDS.jpg,,,,,,,[],,,,
1308573278819110912,1308573278819110912,2020-09-23 06:35:56 IST,2020-09-23,06:35:56,+0530,254303786,dapperday,DAPPER DAY,,Did I hear it was the first day of Fall? 🍂😙🌼 Photo from  https://t.co/TAMpyzt1M2 at our Fall Disneyland Outing last year. See  https://t.co/9V8XFqlOI7 for the latest on our upcoming dates.  https://t.co/fO6MpmpRXd,en,[],"['http://Instagram.com/asiadraws', 'http://DapperDay.com']",['https://pbs.twimg.com/media/Eij8ddHUwAIqwLV.jpg'],0,4,38,[],[],https://twitter.com/DapperDay/status/1308573278819110912,False,,1,https://pbs.twimg.com/media/Eij8ddHUwAIqwLV.jpg,,,,,,,[],,,,
1304512169510199299,1304512169510199299,2020-09-12 01:38:32 IST,2020-09-12,01:38:32,+0530,254303786,dapperday,DAPPER DAY,,"New in the shop at  https://t.co/9V8XFqlOI7 She's THE pastry of the season, &amp; living for the moment!  Do you have your own pumpkin pie recipe you'd like to share? Email: shop @ dapperday . com &amp; we might post it - &amp; send you a pin if we select yours!  https://t.co/pn0UCZ5iHr",en,[],['http://DapperDay.com'],['https://pbs.twimg.com/media/EhqO5rpVoAAt20D.jpg'],0,0,7,[],[],https://twitter.com/DapperDay/status/1304512169510199299,False,,1,https://pbs.twimg.com/media/EhqO5rpVoAAt20D.jpg,,,,,,,[],,,,
1300241263980027904,1300241263980027904,2020-08-31 06:47:29 IST,2020-08-31,06:47:29,+0530,254303786,dapperday,DAPPER DAY,,Our dot candy print items are going fast! Several sizes already sold out! Shop at  https://t.co/NliYVSXl0M  https://t.co/dSVlKgcEth,en,[],['https://www.tatyana.com/collections/dapper-day'],"['https://pbs.twimg.com/media/EgtihOfVgAAD-HC.jpg', 'https://pbs.twimg.com/media/EgtihOgUwAEl0s6.jpg']",0,0,8,[],[],https://twitter.com/DapperDay/status/1300241263980027904,False,,1,https://pbs.twimg.com/media/EgtihOfVgAAD-HC.jpg,,,,,,,[],,,,
1298043778700173314,1298043778700173314,2020-08-25 05:15:27 IST,2020-08-25,05:15:27,+0530,254303786,dapperday,DAPPER DAY,,Beautiful butterflies found at our Spring Disneyland Outing last year 🦋😙🦋 Find more event photos in our Facebook albums and Instagram  https://t.co/9V8XFqlOI7  https://t.co/fPB6JqEg3F,en,[],['http://DapperDay.com'],['https://pbs.twimg.com/media/EgOT76FVoAAc09Y.jpg'],0,0,6,[],[],https://twitter.com/DapperDay/status/1298043778700173314,False,,1,https://pbs.twimg.com/media/EgOT76FVoAAc09Y.jpg,,,,,,,[],,,,
1295877203188539392,1294835542262079490,2020-08-19 05:46:16 IST,2020-08-19,05:46:16,+0530,254303786,dapperday,DAPPER DAY,,@BBB_Tenor We hope to organize our first events in Japan soon! 😚,en,[],[],[],1,1,7,[],[],https://twitter.com/DapperDay/status/1295877203188539392,False,,0,,,,,,,,"[{'screen_name': 'BBB_Tenor', 'name': '伊藤聖 (Satoshi Ito)', 'id': '2360606474'}]",,,,
1295869113529581568,1295867455340834817,2020-08-19 05:14:07 IST,2020-08-19,05:14:07,+0530,254303786,dapperday,DAPPER DAY,,"One has to wonder, by the end of this century will we have theme parks (assuming they still exist in some form) with characters representing a quaint version of the activism happening on our streets today?  😙 – J.  https://t.co/9V8XFqlOI7  https://t.co/LOQ7MbIQLQ",en,[],['http://DapperDay.com'],['https://pbs.twimg.com/media/EfvaFwjU4AA-g4n.jpg'],0,0,5,[],[],https://twitter.com/DapperDay/status/1295869113529581568,False,,1,https://pbs.twimg.com/media/EfvaFwjU4AA-g4n.jpg,,,,,,,[],,,,
1295868824906940416,1295867455340834817,2020-08-19 05:12:58 IST,2020-08-19,05:12:58,+0530,254303786,dapperday,DAPPER DAY,,"Perhaps you’ve encountered one of the suffragette characters dressed with a “WOMEN UNITE” sash wandering Main Street USA at The Magic Kingdom in Florida, or remember that scene (pictured here) from Disney’s “Mary Poppins”?  https://t.co/NowfztS2FK",en,[],[],['https://pbs.twimg.com/media/EfvZ07lVAAAfwM8.jpg'],1,2,8,[],[],https://twitter.com/DapperDay/status/1295868824906940416,False,,1,https://pbs.twimg.com/media/EfvZ07lVAAAfwM8.jpg,,,,,,,[],,,,
1295868437525172224,1295867455340834817,2020-08-19 05:11:26 IST,2020-08-19,05:11:26,+0530,254303786,dapperday,DAPPER DAY,,"* poor, Black, &amp; non-White US citizens, although legally allowed to vote after gaining the right of suffrage in 1920, in reality were prevented from doing so through various forms of suppression &amp; intimidation in many parts of the country – a problem which continues to this day.  https://t.co/jdUyfi0x98",en,[],[],['https://pbs.twimg.com/media/EfvZeKhVAAACE1T.jpg'],1,1,2,[],[],https://twitter.com/DapperDay/status/1295868437525172224,False,,1,https://pbs.twimg.com/media/EfvZeKhVAAACE1T.jpg,,,,,,,[],,,,
1295867953066336257,1295867455340834817,2020-08-19 05:09:30 IST,2020-08-19,05:09:30,+0530,254303786,dapperday,DAPPER DAY,,"From @met_costume “During their 71-year push for voting rights, suffragists frequently utilized fashion for political purposes, relying on specific colors such as white, purple, and gold in the US (and white, purple and green in the UK) to forge a visibly shared public identity.  https://t.co/8QqVsrS7gY",en,"[{'screen_name': 'met_costume', 'name': 'the met: costume institute', 'id': '816009404290109441'}]",[],['https://pbs.twimg.com/media/EfvZCNbUYAA1cLG.jpg'],1,0,1,[],[],https://twitter.com/DapperDay/status/1295867953066336257,False,,1,https://pbs.twimg.com/media/EfvZCNbUYAA1cLG.jpg,,,,,,,[],,,,
1295867455340834817,1295867455340834817,2020-08-19 05:07:32 IST,2020-08-19,05:07:32,+0530,254303786,dapperday,DAPPER DAY,,"100 years ago today the US ratified the 19th amendment, ending sexual discrimination in regards to voting, or suffrage – from the Latin suffragium, which initially meant ""a voting-table,” and later ""the right to vote"". This fight for equality started in 1848 and ended* in 1920!  https://t.co/vbHCIHbXps",en,[],[],['https://pbs.twimg.com/media/EfvYlHbUwAA88xs.jpg'],1,2,4,[],[],https://twitter.com/DapperDay/status/1295867455340834817,False,,1,https://pbs.twimg.com/media/EfvYlHbUwAA88xs.jpg,,,,,,,[],,,,
1295867009930891264,1295793265564884992,2020-08-19 05:05:45 IST,2020-08-19,05:05:45,+0530,254303786,dapperday,DAPPER DAY,,@nittsallgood @WaltDisneyWorld We’re just waiting to get our WDW contract signed. Dates should be announced very soon. -J,en,[],[],[],0,0,1,[],[],https://twitter.com/DapperDay/status/1295867009930891264,False,,0,,,,,,,,"[{'screen_name': 'nittsallgood', 'name': 'JayJayallday', 'id': '965009998563696640'}, {'screen_name': 'WaltDisneyWorld', 'name': 'Walt Disney World', 'id': '15220473'}]",,,,
1294725175976501249,1294725175976501249,2020-08-16 01:28:31 IST,2020-08-16,01:28:31,+0530,254303786,dapperday,DAPPER DAY,,"New in our online shop at  https://t.co/9V8XFqlOI7!  Handmade locally in Los Angeles by DAPPER DAY Expo exhibitor @LocoLindoLA , enjoy these cotton seersucker masks in Pink, Lemon, or Mint.  https://t.co/u2E0h4zcDv",en,"[{'screen_name': 'locolindola', 'name': 'loco lindo', 'id': '204978145'}]",['http://DapperDay.com'],['https://pbs.twimg.com/media/EffJrxwU4AAglse.jpg'],0,0,3,[],[],https://twitter.com/DapperDay/status/1294725175976501249,False,,1,https://pbs.twimg.com/media/EffJrxwU4AAglse.jpg,,,,,,,[],,,,
1294375376836128768,1294375376836128768,2020-08-15 02:18:32 IST,2020-08-15,02:18:32,+0530,254303786,dapperday,DAPPER DAY,,Fancy with friends last Spring 🌼😚🌼 Find all our past event photos in our Facebook albums.  https://t.co/9V8XFqlOI7  https://t.co/1tYWMidddi,en,[],['http://DapperDay.com'],['https://pbs.twimg.com/media/EfaLiwbU8AE9K9o.jpg'],0,0,3,[],[],https://twitter.com/DapperDay/status/1294375376836128768,False,,1,https://pbs.twimg.com/media/EfaLiwbU8AE9K9o.jpg,,,,,,,[],,,,
1292195427308040192,1292195427308040192,2020-08-09 01:56:12 IST,2020-08-09,01:56:12,+0530,254303786,dapperday,DAPPER DAY,,Meow. Happy Caturday from  https://t.co/PZBXAUSj2b  https://t.co/jUiyVoSVHf,en,[],['http://shop.DapperDay.com'],['https://pbs.twimg.com/media/Ee7M5FNU8AEOQ-a.jpg'],0,0,7,[],[],https://twitter.com/DapperDay/status/1292195427308040192,False,,1,https://pbs.twimg.com/media/Ee7M5FNU8AEOQ-a.jpg,,,,,,,[],,,,
1291107474754289665,1291107474754289665,2020-08-06 01:53:04 IST,2020-08-06,01:53:04,+0530,254303786,dapperday,DAPPER DAY,,"Dressed for galaxies far far away at our Spring 2019 Disneyland Resort Outing.  See  https://t.co/9V8XFqlOI7 for info regarding our upcoming events including booking Disneyland Resort stays for Spring 2021 – when we celebrate 10 years of ""stepping out in style!"" ✨😙✨  https://t.co/d6tI6mJgdt",en,[],['http://DapperDay.com'],['https://pbs.twimg.com/media/EervZ2UUMAAR7D9.jpg'],0,2,20,[],[],https://twitter.com/DapperDay/status/1291107474754289665,False,,1,https://pbs.twimg.com/media/EervZ2UUMAAR7D9.jpg,,,,,,,[],,,,
1291102901591392257,1289114375085682689,2020-08-06 01:34:53 IST,2020-08-06,01:34:53,+0530,254303786,dapperday,DAPPER DAY,,@MIZUKI11180409 We hope we can do that once the Disney parks resume normal operation. We’re looking for people in Japan to assist as we have a team in Europe that assists with our events there. Please email:  hello at  https://t.co/9V8XFqlOI7 if you’d like to help. 😙,en,[],['http://DapperDay.com'],[],1,0,2,[],[],https://twitter.com/DapperDay/status/1291102901591392257,False,,0,,,,,,,,[],,,,
1290782870944927744,1290782870944927744,2020-08-05 04:23:12 IST,2020-08-05,04:23:12,+0530,254303786,dapperday,DAPPER DAY,,"Cute and comfy at our Spring 2019 Disneyland Resort Outing.  See  https://t.co/9V8XFqlOI7 for info regarding our upcoming events including booking Disneyland Resort stays for Spring 2021 – when we celebrate 10 years of ""stepping out in style!""  https://t.co/yBmDXThmUb",en,[],['http://DapperDay.com'],['https://pbs.twimg.com/media/EenILayUMAAYSGs.jpg'],0,0,6,[],[],https://twitter.com/DapperDay/status/1290782870944927744,False,,1,https://pbs.twimg.com/media/EenILayUMAAYSGs.jpg,,,,,,,[],,,,
1286524887423545346,1286524887423545346,2020-07-24 10:23:30 IST,2020-07-24,10:23:30,+0530,254303786,dapperday,DAPPER DAY,,New in our eShop! African print masks made in Ghana with locally produced textiles.  https://t.co/9V8XFqlOI7  https://t.co/wMjgjIHzWK,en,[],['http://DapperDay.com'],['https://pbs.twimg.com/media/EdqnjvyUwAEe44n.jpg'],0,1,2,[],[],https://twitter.com/DapperDay/status/1286524887423545346,False,,1,https://pbs.twimg.com/media/EdqnjvyUwAEe44n.jpg,,,,,,,[],,,,
1285668610770337798,1285668610770337798,2020-07-22 01:40:58 IST,2020-07-22,01:40:58,+0530,254303786,dapperday,DAPPER DAY,,Looking back at our @LACMA event earlier this year. I’m sure we’ll return sometime next year!   https://t.co/9V8XFq4dQz  Photo from  https://t.co/WOq9LQIF3H  https://t.co/SFOwEAx5sV,en,"[{'screen_name': 'lacma', 'name': 'lacma', 'id': '14991920'}]","['http://DapperDay.com', 'http://Instagram.com/asunnydisposish']",['https://pbs.twimg.com/media/EdecxdlVcAA1xMn.jpg'],0,1,7,[],[],https://twitter.com/DapperDay/status/1285668610770337798,False,,1,https://pbs.twimg.com/media/EdecxdlVcAA1xMn.jpg,,,,,,,[],,,,
1282054378535268352,1282054378535268352,2020-07-12 02:19:17 IST,2020-07-12,02:19:17,+0530,254303786,dapperday,DAPPER DAY,,How to elegantly handle the heat. 🏺🍇📚💦 Photo from  https://t.co/sueWUCtdwz  @mossonyi  https://t.co/mrNfwOBCvY,en,"[{'screen_name': 'mossonyi', 'name': 'onyi moss', 'id': '92380286'}]",['http://Instagram.com/mossonyi'],['https://pbs.twimg.com/media/EcrFomNVAAAECaK.jpg'],0,3,17,[],[],https://twitter.com/DapperDay/status/1282054378535268352,False,,1,https://pbs.twimg.com/media/EcrFomNVAAAECaK.jpg,,,,,,,[],,,,
1279570343363883008,1279570343363883008,2020-07-05 05:48:37 IST,2020-07-05,05:48:37,+0530,254303786,dapperday,DAPPER DAY,,"Celebrating the explosion of passion the people of this growing country are demonstrating in our enduring fight to achieve “life, liberty, and the pursuit of happiness” for all. Quilt by  https://t.co/BbohdIzHhV, 1989, in the collection of @intlquiltmuseum  #fourthofjuly  https://t.co/cEcv3YtHjj",en,"[{'screen_name': 'intlquiltmuseum', 'name': 'international quilt museum', 'id': '148857886'}]",['http://terriemangat.com'],['https://pbs.twimg.com/media/EcHyb2qVcAIbzjd.jpg'],0,0,2,['fourthofjuly'],[],https://twitter.com/DapperDay/status/1279570343363883008,False,,1,https://pbs.twimg.com/media/EcHyb2qVcAIbzjd.jpg,,,,,,,[],,,,
1279162036153282560,1279162036153282560,2020-07-04 02:46:09 IST,2020-07-04,02:46:09,+0530,254303786,dapperday,DAPPER DAY,,"The classic ""button"" candy on strips of paper is the inspiration behind this season’s delicious print, part of the ""Sweet &amp; Chic"" collection designed by DAPPER DAY® founder Justin J. Shop all clothing items at  https://t.co/NliYVSXl0M &amp; our accessories at  https://t.co/9V8XFqlOI7  https://t.co/8JRKwD4Heh",en,[],"['https://www.tatyana.com/collections/dapper-day', 'http://DapperDay.com']","['https://pbs.twimg.com/media/EcB-dp8U0AAopRt.jpg', 'https://pbs.twimg.com/media/EcB-dp9U0AAbZOP.jpg']",0,0,5,[],[],https://twitter.com/DapperDay/status/1279162036153282560,False,,1,https://pbs.twimg.com/media/EcB-dp8U0AAopRt.jpg,,,,,,,[],,,,
1278818137417281537,1278818137417281537,2020-07-03 03:59:37 IST,2020-07-03,03:59:37,+0530,254303786,dapperday,DAPPER DAY,,Fun times at our Epcot outing last year. We hope our Nov 21-22 WDW events can happen safely in some form. For now all Fall events are still happening (with required health precautions in place.) Book with our special rates on resort stays this Fall at  https://t.co/9V8XFqlOI7  https://t.co/TzIy9zmCdK,en,[],['http://DapperDay.com'],['https://pbs.twimg.com/media/Eb9GTvvU0AArPi5.jpg'],0,0,6,[],[],https://twitter.com/DapperDay/status/1278818137417281537,False,,1,https://pbs.twimg.com/media/Eb9GTvvU0AArPi5.jpg,,,,,,,[],,,,
1277728285871333376,1277728285871333376,2020-06-30 03:48:57 IST,2020-06-30,03:48:57,+0530,254303786,dapperday,DAPPER DAY,,A subtly Cinderella-inspired couple having a royal time at our Spring Outing to Disneyland last year. ✨  Hope we can return this Nov!  https://t.co/9V8XFqlOI7   Photo from  https://t.co/nIG3lA4q6i  https://t.co/yI1leFtvKZ,en,[],"['http://DapperDay.com', 'http://Instagram.com/the.magic.gram']",['https://pbs.twimg.com/media/EbtnGgzVcAEdR3N.jpg'],0,3,19,[],[],https://twitter.com/DapperDay/status/1277728285871333376,False,,1,https://pbs.twimg.com/media/EbtnGgzVcAEdR3N.jpg,,,,,,,[],,,,
